315 192 874 152 681 554 183 516 229 672 160 394 731 497 224 288 305 590 864 489 575 262 393 159 533 189 595 506 113 98 306 719 316 625 559 515 200 148 476 748 970 489 622 103 717 115 706 175 658 632 752 761 294 694 385 213 61 772 499 248 20 436 427 28 488 618 431 10 798 985 341 900 846 293 54 240 907 824 469 775 975 479 752 231 675 52 618 607 801 597 720 32 807 951 904 378 14 675 989 236 
186 294 502 415 667 843 222 14 561 439 950 559 450 949 200 314 412 543 926 683 964 112 216 732 6 597 84 444 553 652 154 854 520 2 107 246 641 882 864 638 766 785 897 281 15 933 100 325 581 309 94 281 577 292 509 687 990 906 198 22 964 408 143 116 872 761 108 811 623 861 311 788 681 659 585 147 26 171 653 227 804 192 143 784 361 466 972 811 931 1 330 673 899 21 618 161 641 367 980 101 
698 576 930 60 366 961 694 855 479 566 938 717 101 873 289 175 556 759 67 270 356 242 961 632 830 318 383 771 245 105 695 112 407 190 558 624 746 695 802 620 358 379 170 112 165 926 988 900 702 454 849 481 217 895 554 33 682 462 840 131 766 375 355 56 486 11 613 240 310 994 41 291 317 42 823 712 366 711 622 245 75 278 748 886 292 485 974 33 791 356 748 290 461 105 797 497 369 399 280 324 
469 672 140 690 885 122 162 547 840 591 92 298 389 951 43 564 419 875 438 877 866 767 959 927 951 411 978 277 480 473 216 891 612 136 71 895 807 141 119 313 995 319 556 141 511 668 229 124 953 416 259 182 724 646 276 196 384 985 376 322 609 961 247 140 63 303 168 274 387 783 26 890 756 755 695 970 849 368 74 950 168 172 317 355 910 74 259 610 915 167 420 977 228 537 140 68 795 179 652 846 
981 894 885 471 262 93 890 560 771 241 550 186 662 109 424 400 296 340 370 321 287 878 439 960 747 83 212 128 311 41 775 350 406 719 170 497 274 945 280 425 156 437 31 385 106 491 912 592 104 432 895 129 239 985 971 894 460 506 748 193 455 365 955 134 931 140 306 949 818 408 230 196 665 722 714 234 423 85 571 767 56 995 185 785 95 980 671 828 416 103 653 152 718 994 883 968 240 246 893 177 
847 681 648 943 705 571 123 384 909 698 627 712 113 955 866 952 649 101 614 82 321 416 239 514 630 838 630 956 565 108 136 133 574 1 827 146 405 338 526 230 832 362 648 376 895 128 457 338 146 736 994 871 926 961 935 99 59 322 354 313 616 120 525 452 540 354 236 254 165 362 94 936 70 813 970 139 811 641 851 866 289 343 659 695 325 404 135 990 964 522 510 814 984 158 547 452 469 423 176 241 
19 109 409 303 465 53 191 667 385 832 565 452 536 423 0 344 7 876 221 325 58 767 660 849 628 508 810 120 249 730 643 225 722 127 751 903 88 289 897 583 290 479 680 345 739 622 821 88 825 614 510 596 209 76 952 789 749 305 473 71 770 789 899 797 584 502 903 658 519 462 37 891 965 921 979 340 661 423 824 856 91 779 763 510 669 302 28 856 42 527 948 130 379 290 758 122 266 437 695 716 
816 445 174 780 732 316 175 43 640 650 380 858 505 950 181 74 441 134 549 932 79 860 457 388 193 929 144 980 127 113 513 235 271 126 61 885 652 357 22 614 929 150 327 927 486 685 766 685 722 880 101 889 864 578 244 520 579 375 834 311 884 867 101 521 873 989 74 439 499 353 256 271 730 927 911 878 998 938 914 283 704 224 453 618 363 248 147 175 183 631 390 661 459 359 285 317 556 322 416 129 
905 611 818 968 808 489 335 860 863 289 403 788 191 490 170 17 404 571 573 598 383 405 420 163 127 543 128 211 630 553 150 421 290 900 460 633 919 20 641 145 810 765 441 721 929 195 93 120 504 882 980 152 875 720 862 365 809 116 82 80 247 31 439 67 903 124 211 582 227 701 96 502 100 21 596 621 632 668 248 206 863 764 370 625 209 65 423 724 986 743 953 914 788 104 41 806 852 14 793 972 
309 438 812 803 259 550 777 774 625 745 241 49 279 299 553 715 121 161 702 646 698 740 712 357 110 866 220 283 232 834 94 323 275 837 270 764 121 425 460 710 66 114 444 331 806 564 177 894 948 380 964 571 931 312 128 620 461 713 384 176 710 103 826 401 388 502 25 37 487 752 565 509 90 60 651 158 952 894 437 194 257 213 780 887 852 48 551 415 929 822 207 403 506 634 562 856 184 759 50 30 
939 853 949 18 702 401 442 163 124 226 500 815 985 742 805 465 473 885 799 427 202 118 79 826 842 263 615 563 341 988 231 851 864 508 261 347 83 961 855 347 159 813 150 511 781 327 388 52 434 356 538 908 164 872 19 868 61 964 846 342 118 622 799 790 674 834 319 21 871 343 756 276 158 773 215 756 680 199 57 429 360 386 783 508 102 453 763 419 366 681 511 962 810 738 719 653 299 124 395 74 
253 314 522 853 694 322 139 525 371 832 996 653 162 883 157 444 462 221 111 372 172 241 405 704 967 22 369 939 269 958 910 60 746 444 735 830 518 800 952 636 438 112 831 565 801 878 799 262 400 703 269 206 79 554 275 471 198 57 958 696 260 489 956 782 656 880 188 927 183 315 690 929 640 663 997 303 743 612 315 727 167 741 256 849 792 743 554 68 498 431 343 911 856 831 123 736 440 96 428 108 
391 344 327 328 265 872 902 432 497 965 418 931 28 502 207 953 431 880 84 927 430 71 847 564 718 459 532 899 254 637 417 834 139 820 940 241 666 463 774 11 856 645 100 218 972 951 933 231 756 427 76 879 585 372 955 107 610 639 808 418 43 963 304 67 670 528 539 594 749 489 206 123 775 372 29 742 121 891 473 419 724 421 138 852 416 874 704 80 981 745 692 968 784 714 421 822 591 424 193 813 
111 931 807 113 461 720 49 557 171 412 98 87 944 471 937 450 14 746 312 892 580 945 161 205 900 97 142 381 807 763 126 898 980 124 411 476 68 586 798 768 802 337 753 731 970 197 213 38 580 461 904 249 13 532 134 508 291 368 551 764 296 687 308 299 11 765 932 440 475 142 118 482 866 322 519 25 958 637 997 81 208 542 91 621 953 527 277 636 257 101 432 86 928 52 388 754 967 469 432 648 
503 149 382 698 771 986 374 449 835 983 664 608 928 454 336 474 603 816 155 998 667 332 646 381 553 750 66 72 981 934 558 26 278 168 149 835 634 324 840 513 898 305 267 305 564 853 664 682 516 298 179 661 660 828 748 181 775 438 685 545 943 415 376 913 866 543 386 168 668 351 222 86 225 667 201 972 856 431 343 558 79 991 539 638 472 638 776 807 628 949 796 397 690 141 522 176 366 14 421 604 
282 926 584 723 746 487 156 406 479 128 183 293 980 460 946 393 42 850 185 58 243 167 615 209 967 226 975 144 406 786 927 320 867 150 605 659 351 97 648 212 475 948 863 26 155 875 608 626 353 865 430 83 936 45 16 233 474 972 265 786 62 295 775 125 370 224 986 128 19 127 781 782 691 586 899 837 708 588 748 375 401 849 728 809 673 306 558 391 359 364 449 742 718 822 984 585 471 655 779 393 
149 864 586 369 380 309 970 890 66 138 558 204 63 366 250 657 917 887 67 243 806 335 473 73 357 153 479 735 745 630 394 332 373 291 669 867 123 464 688 292 715 231 727 511 533 414 140 815 241 109 913 91 163 432 239 287 844 525 683 406 732 670 27 119 718 95 131 81 567 203 699 529 713 532 776 487 348 165 736 697 38 889 962 173 88 378 389 925 105 137 92 32 617 210 500 617 555 194 749 740 
137 834 494 538 585 859 354 122 240 779 431 750 135 481 36 871 655 622 163 942 524 880 397 648 702 944 672 901 356 690 568 851 698 446 342 176 804 348 471 753 777 481 935 419 934 348 311 913 608 951 300 606 22 89 330 852 517 66 34 768 924 669 725 645 334 124 573 905 861 247 397 514 725 439 914 915 201 812 22 869 894 334 980 532 94 308 672 917 68 200 57 11 149 157 243 801 174 685 366 944 
283 991 695 464 78 298 713 671 915 201 671 754 918 419 799 119 233 524 718 210 495 858 496 287 99 185 938 749 884 317 277 7 423 798 677 332 661 58 68 141 986 603 8 490 875 429 138 709 292 500 476 698 426 363 895 678 681 965 82 577 721 157 933 95 720 834 831 464 369 28 863 856 21 669 631 17 376 179 848 400 737 243 703 177 845 111 480 692 282 144 827 622 958 789 4 375 514 31 95 646 
502 283 323 486 583 138 234 980 555 971 591 45 676 794 615 343 166 521 581 451 847 543 771 106 131 351 979 528 759 71 188 505 960 177 417 969 289 693 380 279 353 764 668 109 611 141 7 666 431 67 814 120 57 183 810 516 880 71 174 802 914 216 209 557 828 131 198 655 728 582 417 615 476 452 185 705 155 803 459 910 679 176 806 661 811 888 141 442 512 131 512 671 872 470 354 29 236 277 853 770 
409 20 385 283 795 166 955 96 455 528 388 965 311 622 488 424 746 265 467 900 409 589 880 464 855 563 886 67 0 288 254 386 789 641 551 146 653 37 523 349 96 889 87 522 263 892 465 84 752 957 721 793 459 119 316 565 642 716 863 488 567 387 60 496 278 182 348 71 973 770 192 331 911 568 542 780 932 433 264 5 493 967 429 476 492 72 751 296 473 307 359 382 322 568 802 137 913 677 175 574 
240 590 723 147 970 601 781 287 867 822 646 253 753 259 849 661 55 533 684 571 979 54 881 78 223 941 652 849 263 799 424 138 61 866 814 629 383 256 168 242 530 73 88 257 432 214 282 128 494 788 419 514 777 435 778 663 17 690 943 950 30 364 395 749 942 124 390 988 215 707 532 909 215 308 305 97 227 164 188 795 470 611 265 516 543 848 107 476 445 938 651 22 425 500 955 556 314 178 399 291 
739 621 932 306 766 406 729 727 452 136 854 235 291 999 285 109 187 179 87 485 223 590 262 611 229 332 594 271 110 528 692 276 40 307 7 806 140 621 663 772 281 447 993 132 274 874 557 71 789 87 962 236 437 344 179 263 228 441 566 617 102 319 683 103 615 509 344 551 465 572 551 738 171 100 40 375 631 725 641 233 96 127 989 222 401 128 303 322 833 792 978 928 183 237 250 270 542 107 553 709 
148 89 338 336 60 679 409 374 764 553 428 498 805 79 208 384 645 691 138 994 197 847 464 365 471 917 649 913 344 963 128 389 29 304 994 652 730 851 971 4 825 590 617 995 657 920 314 525 622 253 228 892 865 802 421 947 466 544 46 665 208 387 978 465 276 851 797 34 367 211 462 269 94 987 409 493 973 972 643 192 607 936 73 533 814 917 137 665 52 502 238 55 104 217 909 407 279 701 985 1 
811 136 658 723 934 630 629 110 934 510 357 98 29 935 924 549 112 946 694 583 523 799 369 695 234 467 57 978 798 860 395 768 882 817 952 844 70 691 718 864 721 576 529 666 718 717 133 8 434 160 744 478 101 822 46 682 749 335 173 192 932 491 993 131 294 3 153 561 360 659 18 219 55 45 868 717 337 429 280 588 931 339 438 430 889 852 617 856 427 794 144 543 567 791 997 303 851 990 394 546 
549 204 402 700 917 142 814 574 326 877 738 966 647 616 640 805 798 317 185 614 555 625 561 274 75 236 879 572 136 404 630 237 521 502 606 502 560 737 506 927 447 91 63 538 629 882 154 296 456 674 147 151 750 313 794 418 769 669 6 124 432 88 918 377 114 134 655 816 780 544 769 243 473 262 852 748 530 418 243 33 688 81 972 821 658 526 775 613 377 38 196 107 754 62 976 794 158 233 131 893 
44 14 675 729 40 425 824 365 928 994 516 525 973 229 298 936 963 781 71 1 57 881 642 146 643 469 345 131 954 704 379 3 20 105 84 398 897 302 557 798 270 157 176 504 40 940 735 428 111 142 938 859 743 137 370 423 110 67 813 71 994 838 153 371 424 787 876 384 246 182 777 16 167 120 434 982 445 687 892 70 59 702 995 415 475 565 914 801 876 468 176 803 530 21 37 866 530 418 559 279 
52 567 201 884 302 980 730 108 56 909 445 673 54 310 378 457 583 755 750 415 404 724 727 923 962 66 992 688 79 427 383 592 612 888 262 279 579 368 267 693 445 984 178 25 550 609 128 186 402 183 863 977 298 887 471 46 195 653 526 182 760 15 411 958 372 150 918 57 212 429 542 65 936 576 210 294 918 110 524 307 271 424 554 307 140 154 706 404 449 754 365 95 926 756 656 73 883 130 236 229 
506 744 964 925 87 608 376 723 335 276 7 760 469 90 868 4 151 120 130 375 398 200 773 354 891 35 407 314 664 187 280 940 552 216 527 528 117 191 334 207 471 428 45 999 940 968 750 387 549 744 751 194 453 855 22 73 339 65 195 885 546 849 213 195 920 52 720 758 665 610 170 780 882 407 648 64 526 968 903 756 422 309 397 499 720 397 297 204 411 523 911 956 969 409 765 565 585 235 908 391 
346 834 143 413 99 549 996 542 253 390 694 319 454 93 385 917 733 950 848 342 679 260 581 938 266 212 138 81 503 235 687 159 862 412 885 854 961 777 665 519 273 359 942 650 401 605 944 512 863 598 216 537 382 499 430 700 927 641 45 557 334 963 317 387 906 194 314 395 584 809 368 507 582 555 641 45 880 732 246 575 922 482 829 997 511 769 24 549 930 74 345 710 780 539 668 174 660 777 758 371 
70 100 744 534 779 922 604 622 49 232 803 262 844 209 998 641 234 705 832 156 402 846 17 581 467 413 732 950 416 415 276 637 235 367 21 59 930 176 672 536 343 435 641 126 522 703 913 114 52 168 925 628 825 810 485 227 507 258 313 257 563 628 909 175 95 561 143 729 743 319 439 827 441 194 992 673 452 282 151 548 107 600 726 875 302 459 74 460 583 358 297 716 692 21 689 398 773 369 679 852 
98 794 73 471 893 479 403 395 770 372 192 692 335 322 553 928 373 222 731 840 315 31 315 439 760 774 942 17 439 198 347 238 553 442 392 419 424 308 8 656 756 701 223 878 961 797 593 482 790 114 973 348 352 374 392 238 674 894 401 597 197 866 541 724 647 901 477 330 973 28 568 229 504 108 168 592 968 988 297 472 254 760 686 160 393 948 650 368 892 906 319 992 441 542 536 490 807 573 415 251 
296 960 578 347 54 913 625 495 556 883 643 177 313 88 255 223 429 657 483 231 635 269 298 326 219 780 732 49 709 365 659 744 762 971 756 421 441 311 345 47 65 244 154 901 873 953 585 117 899 475 498 319 284 323 591 670 641 407 867 843 214 879 740 144 739 560 464 525 613 187 927 307 571 715 946 830 3 138 560 90 168 433 326 966 583 338 879 204 767 172 419 389 983 462 696 829 317 949 715 954 
853 869 42 65 17 416 940 684 601 814 408 420 817 84 525 941 955 559 167 329 228 194 193 662 223 491 698 255 856 129 848 656 68 875 466 719 514 285 172 743 344 383 400 431 707 161 742 428 808 35 472 720 845 451 397 59 959 416 322 129 777 262 727 994 171 626 211 19 466 902 518 582 531 584 869 450 59 917 997 972 630 482 573 968 518 248 27 621 796 185 757 382 411 107 143 298 262 254 811 348 
5 758 840 353 275 468 631 271 449 924 914 812 969 408 740 463 12 22 290 648 94 98 971 397 558 413 258 525 895 105 0 430 901 319 404 770 896 125 337 926 872 191 168 626 323 645 105 392 802 75 250 816 126 375 706 67 59 769 201 492 572 931 369 640 996 256 478 285 797 193 351 594 347 208 591 116 499 808 144 559 504 691 237 224 762 411 403 259 27 1 707 603 209 865 200 338 843 628 795 324 
985 4 413 0 494 670 116 601 79 981 78 653 215 243 234 2 994 177 593 195 619 117 894 155 792 874 930 285 822 865 296 114 535 318 546 560 756 944 997 973 830 181 246 843 122 977 138 904 420 3 842 145 357 611 494 233 609 258 976 615 523 642 775 492 559 652 576 149 754 968 56 148 764 612 818 158 95 618 2 472 567 297 936 529 835 473 838 701 740 534 514 674 342 628 932 213 601 119 534 846 
977 661 103 350 107 977 883 684 119 722 854 609 363 779 608 908 61 65 846 849 505 975 164 143 272 912 82 618 45 342 251 737 351 389 45 761 337 485 287 593 721 44 185 498 541 703 275 359 36 24 543 246 897 797 274 345 269 692 611 0 63 190 274 67 920 543 659 684 96 709 272 475 327 889 383 826 4 139 148 967 681 831 71 453 844 791 953 114 244 755 786 925 555 956 637 531 55 683 862 228 
226 116 885 334 216 339 838 511 418 548 589 998 766 816 787 692 226 646 763 713 262 26 42 441 358 466 313 339 219 633 241 809 715 241 824 617 569 343 802 351 723 291 783 944 439 857 293 941 998 587 219 135 221 563 919 789 986 211 210 970 993 552 69 411 475 146 340 560 612 699 266 192 662 100 847 594 995 887 872 979 63 749 906 382 442 461 545 964 920 660 365 819 873 101 479 774 437 949 484 149 
186 690 752 458 371 73 242 345 56 719 888 54 106 173 535 773 952 170 547 226 678 289 113 872 648 10 644 847 246 379 640 519 396 494 50 352 561 825 346 521 637 101 876 483 591 375 916 314 261 734 771 805 467 434 144 67 132 779 590 58 837 73 758 289 361 283 699 901 348 783 857 939 948 984 380 344 332 781 753 954 429 177 777 586 840 791 796 278 603 718 466 927 402 809 426 576 62 751 103 406 
464 258 167 228 555 639 386 749 437 437 594 240 739 482 161 91 672 595 783 360 528 705 627 77 241 321 818 568 210 569 232 369 380 961 674 39 604 39 304 13 83 442 550 520 567 654 741 295 685 18 244 746 446 656 49 30 948 588 281 117 286 390 956 576 896 358 824 908 483 769 582 119 23 472 666 81 987 196 510 124 898 61 319 133 590 244 776 698 438 573 686 155 103 889 765 944 706 272 846 733 
125 636 979 635 497 554 213 665 385 274 348 763 284 548 146 738 278 330 951 738 101 387 623 235 177 602 295 813 168 149 191 171 197 814 659 994 133 553 413 662 925 544 988 698 983 621 95 473 84 979 554 245 930 551 763 211 783 683 933 306 686 896 468 450 125 718 573 2 640 970 690 417 931 758 233 823 295 258 153 162 794 409 860 892 466 836 714 703 858 752 418 868 972 64 828 330 984 719 202 14 
206 844 558 795 362 903 130 162 517 252 177 65 820 701 166 877 287 818 367 892 349 571 495 730 933 769 227 744 836 949 311 268 20 369 618 262 973 928 72 317 926 486 589 780 701 221 551 876 428 248 927 257 488 982 608 388 230 702 328 433 496 995 661 99 566 918 247 611 717 400 724 113 262 920 613 768 936 212 685 816 100 801 722 796 193 710 334 943 211 894 10 463 61 156 513 924 402 481 47 248 
193 200 70 555 320 61 18 375 12 961 303 745 152 69 557 329 889 864 364 290 616 659 957 303 407 54 45 506 41 742 411 858 631 158 407 533 180 327 329 258 337 178 235 604 474 129 262 593 25 379 46 175 407 527 392 653 690 864 519 454 185 795 393 239 181 327 921 89 880 600 731 203 126 674 628 24 885 88 409 294 133 369 868 12 919 957 593 981 808 285 448 573 331 41 248 20 515 194 256 535 
214 84 321 144 579 332 784 632 337 932 745 363 817 32 287 144 733 695 643 893 321 678 640 48 388 275 880 842 752 389 265 732 813 404 148 846 243 340 219 415 672 415 771 958 701 919 407 132 767 198 726 362 283 39 284 582 792 814 822 559 365 65 157 208 91 549 617 975 543 962 942 52 878 710 427 532 25 593 804 975 832 751 835 29 33 675 380 100 143 451 181 45 173 516 468 513 672 988 888 307 
776 343 732 633 342 785 672 856 621 429 24 346 897 646 635 149 77 37 781 759 774 512 139 328 586 131 787 128 515 371 774 358 101 801 771 141 880 414 125 998 838 901 201 254 131 38 503 889 875 394 454 121 194 996 351 922 808 356 531 51 456 916 833 610 993 210 28 817 567 249 67 56 800 499 124 801 848 756 260 451 655 263 82 924 407 631 989 779 551 371 553 942 889 692 655 455 123 246 835 411 
538 783 955 631 556 917 381 777 243 413 527 714 975 163 253 860 741 529 403 11 164 819 902 599 742 806 663 445 206 898 151 701 382 680 912 424 683 332 759 581 763 882 339 981 987 523 211 891 692 493 543 718 842 748 180 260 526 684 732 420 509 513 274 2 643 795 321 249 354 647 130 457 892 637 353 844 907 899 618 667 123 481 263 243 452 379 105 854 579 631 484 115 955 855 393 128 267 144 352 960 
739 552 499 562 656 173 978 935 762 913 44 680 909 0 160 382 265 882 293 768 583 376 674 142 865 438 714 210 892 879 54 793 914 763 442 853 317 203 912 915 36 467 908 555 381 241 816 687 701 434 446 259 408 326 875 520 731 282 540 188 945 314 583 765 863 436 341 928 256 334 754 438 83 985 12 44 968 628 781 134 469 197 292 552 799 972 519 112 999 171 909 125 189 505 309 342 360 390 914 271 
914 319 703 619 779 459 375 989 533 273 493 284 742 352 604 11 57 133 77 328 205 612 638 79 579 871 515 242 987 162 30 561 128 89 592 247 499 841 870 534 366 117 147 436 595 708 960 932 146 331 435 130 474 241 103 263 805 550 971 465 813 283 263 235 803 269 232 892 349 587 643 260 968 623 99 809 325 40 445 675 680 990 369 976 926 455 680 303 640 953 78 409 698 353 567 54 818 132 540 757 
454 127 105 445 785 168 513 965 80 330 480 982 521 172 649 691 610 813 762 751 292 245 344 232 985 841 170 303 190 90 425 141 719 711 361 864 619 226 583 424 783 307 278 251 622 677 37 183 317 162 138 744 962 835 196 466 951 802 383 829 495 134 642 997 28 328 154 195 234 538 61 958 600 477 781 193 383 711 143 153 302 577 877 719 115 441 404 229 539 607 65 632 409 346 683 722 50 643 645 189 
867 231 316 140 299 766 902 130 120 356 966 179 213 815 664 552 403 257 454 936 629 585 261 549 957 945 296 644 292 663 261 99 320 960 458 22 965 390 633 831 242 928 541 156 107 777 974 897 271 133 347 888 244 788 12 840 92 886 566 744 962 579 723 445 687 266 714 988 780 633 185 340 849 563 320 119 731 701 331 789 344 404 197 99 854 784 876 504 732 469 760 393 23 71 996 968 624 201 447 558 
22 914 703 457 477 892 112 450 829 788 99 126 107 905 262 447 320 897 136 331 917 659 534 567 606 636 281 485 707 359 884 665 93 825 942 32 819 114 655 157 389 768 75 333 502 735 348 98 434 954 158 914 352 732 842 286 562 819 891 794 829 980 738 32 95 752 290 832 74 713 146 263 414 729 21 693 939 90 833 286 230 196 171 448 962 386 41 406 50 465 807 765 357 986 933 460 650 710 652 704 
447 239 52 576 338 638 278 857 100 324 624 82 731 915 91 837 557 309 933 422 144 196 613 344 194 461 241 807 187 966 229 807 175 136 280 84 734 726 461 66 328 803 99 223 994 250 267 464 459 795 853 737 279 402 541 378 830 122 411 60 903 983 112 39 23 15 887 673 626 265 693 618 296 831 636 76 334 142 96 109 391 203 906 706 720 916 34 991 197 166 178 737 999 507 568 234 383 650 99 694 
943 756 651 830 313 431 968 923 230 720 921 456 57 226 142 523 974 784 181 742 360 172 451 269 570 301 848 473 650 597 507 608 872 660 109 775 638 617 609 644 597 901 705 458 984 937 189 773 776 643 289 281 268 176 203 668 84 728 481 558 287 636 936 720 599 893 834 852 550 528 440 742 88 85 462 137 496 713 922 713 532 410 211 847 205 30 135 618 419 156 196 469 791 621 57 942 128 575 427 800 
666 582 707 658 75 695 50 301 723 636 719 835 306 664 498 235 664 595 907 845 474 9 86 225 785 654 876 35 985 751 918 501 357 105 287 864 69 294 513 713 191 407 278 976 224 224 543 149 285 780 105 809 482 427 525 455 674 129 757 843 908 873 812 274 784 871 35 303 377 558 104 491 740 71 686 63 294 44 744 117 953 675 114 741 994 684 898 639 369 342 443 307 437 738 248 857 705 550 771 398 
339 278 865 409 250 870 934 398 589 779 273 620 565 138 744 47 372 909 60 533 991 463 318 752 188 753 797 200 651 690 571 234 361 973 176 956 345 530 335 883 76 708 461 250 371 177 854 522 139 470 303 867 244 507 876 915 134 224 428 661 673 455 66 714 202 249 9 955 497 775 800 953 815 77 533 236 752 90 368 949 897 880 117 823 86 80 948 900 115 386 981 498 491 53 195 414 885 933 422 224 
152 192 39 844 781 119 137 848 641 884 526 803 312 673 681 656 648 784 647 544 22 375 862 610 883 372 629 872 865 311 278 959 504 555 644 157 678 355 175 700 681 438 476 429 520 47 186 784 695 974 587 805 650 792 930 773 692 280 327 11 623 275 385 503 825 932 307 978 470 858 269 191 34 370 759 898 2 583 243 568 249 789 518 915 166 866 701 769 257 790 66 203 370 191 940 256 784 550 561 112 
61 850 822 985 690 734 92 892 832 170 436 625 438 690 669 287 13 141 541 83 854 763 678 320 936 46 659 757 2 780 277 827 495 14 151 533 107 922 42 317 967 975 727 803 748 944 908 677 957 144 684 284 535 656 661 113 782 247 715 976 727 858 852 952 61 5 480 115 327 443 446 847 549 767 471 979 834 729 136 728 935 320 595 175 666 714 340 520 204 892 80 489 537 900 609 578 591 656 472 331 
966 88 943 183 199 131 991 820 698 935 321 198 93 50 261 681 378 238 581 242 45 567 379 258 716 625 793 876 97 730 667 648 361 223 388 774 110 609 820 109 181 632 281 874 632 921 36 118 185 159 126 921 664 349 835 715 962 516 376 208 67 776 285 668 206 619 401 550 186 917 385 321 350 652 910 827 457 244 886 770 963 310 249 389 164 615 797 926 626 835 471 978 471 952 354 970 876 114 487 92 
46 501 894 459 551 115 743 311 888 964 15 51 895 945 206 501 349 35 688 209 574 683 530 983 505 710 151 185 70 573 955 285 194 752 572 24 688 369 387 854 115 117 218 117 51 456 120 842 10 319 29 713 432 325 975 104 198 41 336 407 710 762 473 104 213 320 182 626 693 595 218 145 649 322 128 753 256 285 131 406 127 652 522 251 130 822 841 647 821 506 48 181 47 263 126 690 318 579 288 870 
625 939 615 811 565 330 515 383 776 388 834 623 610 976 789 668 12 178 59 913 577 40 715 513 927 215 798 413 277 838 19 735 845 92 748 690 432 755 816 296 432 853 183 621 282 401 182 696 713 728 536 316 933 795 150 471 765 269 534 464 905 46 688 74 920 79 227 329 459 586 609 63 535 942 82 677 827 278 257 581 310 974 64 334 811 732 428 499 531 639 742 152 220 979 22 251 636 412 717 768 
147 800 58 400 963 356 566 319 678 887 712 172 356 493 96 623 864 201 166 381 803 100 234 972 482 186 21 252 989 978 618 531 773 819 290 456 493 848 142 297 169 726 772 262 683 557 208 726 544 159 60 157 128 720 195 759 714 364 545 63 999 160 249 819 1 5 244 931 516 641 933 337 15 943 96 319 627 132 578 639 480 76 753 137 509 560 932 827 890 413 100 88 294 415 967 406 881 499 898 529 
599 347 606 48 674 847 426 543 68 608 736 388 120 943 538 30 437 657 969 964 605 170 339 860 973 302 594 261 646 224 137 264 304 724 559 345 200 806 248 140 226 160 149 180 177 674 124 44 211 902 733 156 176 4 848 170 779 649 326 488 534 555 328 11 363 376 542 863 336 570 568 898 454 57 173 35 810 387 824 566 142 416 40 537 127 791 41 367 909 57 12 610 661 907 980 145 500 288 684 374 
924 706 50 23 852 445 919 33 502 606 396 791 175 255 678 604 128 665 225 464 376 775 173 488 684 266 475 61 574 217 471 237 257 973 727 595 466 422 765 496 268 524 624 69 387 745 85 971 387 666 773 766 509 305 556 167 43 632 446 334 96 970 66 541 922 139 723 678 423 65 236 116 684 738 811 567 39 626 169 41 577 757 87 270 342 655 612 102 733 56 414 544 220 684 536 781 480 173 27 452 
774 451 485 675 16 41 468 965 278 624 372 397 130 289 904 881 568 583 443 413 779 871 929 674 945 839 201 975 798 571 487 57 326 50 726 343 633 435 916 31 189 624 546 782 835 442 854 268 470 634 105 78 946 278 937 101 857 238 242 306 212 427 124 763 375 428 30 957 809 37 192 265 151 514 983 539 305 723 895 378 366 21 173 834 57 12 666 876 673 111 677 371 575 683 576 943 40 140 933 41 
266 949 993 213 292 961 721 273 188 505 124 79 819 522 632 162 576 794 547 262 655 99 618 309 493 835 50 136 147 454 202 147 486 382 154 676 0 419 850 593 101 362 421 926 830 898 162 792 789 571 188 713 724 983 268 209 411 992 98 798 971 954 955 951 220 540 204 174 212 298 972 681 541 243 516 390 685 129 577 202 404 968 154 826 24 544 610 391 829 624 747 388 86 303 881 746 944 601 316 328 
358 213 411 114 914 406 730 138 978 400 959 996 683 531 429 497 795 359 541 980 382 65 357 20 241 84 478 357 160 661 53 706 135 79 629 189 242 775 232 431 756 343 739 628 48 6 947 547 394 315 352 869 244 949 464 744 126 514 863 101 912 354 455 76 299 688 655 548 598 111 88 585 121 615 980 29 398 238 768 548 512 832 541 537 516 250 718 513 457 459 206 70 311 731 830 169 790 344 889 536 
78 821 483 470 396 259 1 969 65 597 959 522 981 772 962 112 468 594 630 929 494 655 834 379 572 915 222 262 890 201 221 354 247 762 740 805 581 860 269 145 320 938 458 251 785 923 700 140 606 642 297 818 787 447 649 10 613 741 971 965 472 246 600 620 6 336 375 173 806 582 916 434 319 218 409 388 500 99 648 792 208 689 886 802 758 198 168 574 319 362 872 314 723 304 331 614 613 677 759 298 
526 235 276 135 151 217 675 612 481 168 302 83 797 644 718 61 689 148 839 20 941 840 591 846 227 957 477 263 140 621 665 253 498 411 500 9 520 416 244 16 919 387 326 190 607 139 530 124 352 106 106 531 624 861 151 52 983 704 999 580 722 815 499 980 185 681 420 686 911 66 969 64 439 498 218 136 312 901 968 487 953 732 229 427 714 714 372 740 508 833 339 85 129 910 8 691 546 465 217 46 
241 617 125 143 817 804 137 366 572 72 499 878 485 646 792 996 990 484 727 708 306 702 819 699 949 331 461 717 557 554 20 757 140 220 891 744 5 276 590 835 408 680 777 238 276 107 856 849 645 487 310 353 555 810 164 197 927 38 512 15 217 512 90 57 212 892 161 218 290 448 855 669 428 178 903 952 437 646 67 724 21 946 669 682 752 532 685 208 636 427 701 385 785 532 807 456 244 35 840 568 
953 525 742 274 291 112 268 351 454 573 28 938 202 25 961 499 857 3 749 296 51 71 598 805 136 315 772 38 450 2 142 290 779 242 455 387 130 870 72 417 733 821 928 396 918 936 150 648 987 238 371 244 461 402 139 906 777 80 156 873 128 875 922 50 582 207 619 715 758 899 166 944 721 632 327 88 173 387 996 765 42 417 887 38 888 839 701 25 638 598 502 202 936 512 684 683 203 873 641 975 
482 133 883 535 508 852 317 595 935 719 494 306 284 420 387 260 73 202 687 197 331 373 803 110 171 26 131 713 143 819 67 935 545 839 289 458 881 608 692 246 914 57 945 111 536 600 172 332 655 948 335 186 616 817 60 845 599 939 21 817 355 31 54 948 847 235 278 999 363 430 98 349 941 941 266 689 910 373 275 418 879 596 839 245 746 902 357 737 526 175 124 860 111 605 975 739 695 381 90 149 
49 891 612 148 916 682 228 557 421 865 68 957 691 28 251 144 446 644 102 444 168 951 711 39 426 561 116 595 49 65 598 767 450 401 760 359 640 107 141 122 223 111 457 839 479 59 285 57 594 37 62 471 202 425 218 646 840 537 337 843 921 92 101 223 475 335 170 70 543 820 211 896 997 119 972 686 365 330 986 375 285 78 866 474 91 466 580 626 827 881 716 271 116 347 864 659 396 869 239 401 
540 920 530 675 698 406 932 667 461 297 839 204 417 687 619 753 111 25 536 216 416 791 519 515 870 950 355 956 248 234 812 739 969 522 431 412 571 2 299 335 528 706 154 370 680 333 751 442 940 838 931 303 783 18 361 591 11 687 296 430 88 519 459 373 564 670 31 724 206 444 435 85 952 260 66 285 99 210 540 61 47 453 212 493 172 430 486 105 299 808 444 778 522 82 264 344 866 767 599 197 
930 860 746 379 417 754 62 163 745 830 397 863 320 150 968 785 741 734 277 562 508 26 965 757 933 233 187 622 948 363 877 810 527 372 767 737 14 770 242 434 499 180 321 292 26 338 100 757 266 993 554 683 759 50 44 837 278 606 317 862 760 886 301 788 814 592 150 486 284 226 534 164 455 292 979 368 312 169 374 89 207 958 376 11 199 712 9 106 237 876 666 352 39 989 481 177 242 992 323 255 
782 717 439 152 766 920 24 96 982 480 714 980 363 111 657 700 540 727 822 562 803 588 110 376 37 926 105 6 483 592 621 864 335 467 80 965 721 476 549 491 547 816 701 882 544 554 469 662 251 323 636 631 286 80 73 963 847 602 251 775 16 570 550 332 148 905 179 573 775 787 331 195 771 927 43 770 999 520 222 187 394 622 66 695 904 341 422 455 633 43 776 332 193 712 693 880 561 544 887 393 
383 55 125 404 383 727 13 377 140 971 933 840 645 571 993 74 450 488 797 466 697 877 895 980 852 64 582 197 318 818 411 152 163 644 206 342 208 220 849 211 124 271 478 391 943 925 532 331 107 243 961 396 333 257 151 977 485 379 840 488 530 720 825 262 788 949 723 886 256 330 399 448 17 284 87 109 956 863 399 462 692 434 241 233 806 742 437 951 784 838 545 823 4 891 348 399 466 698 596 837 
993 939 234 288 525 16 579 784 320 828 674 482 120 5 376 967 991 270 119 774 816 37 303 498 269 147 765 102 298 435 550 798 700 470 997 972 226 585 40 789 127 799 498 359 586 350 32 20 599 852 618 217 718 721 95 540 421 964 312 214 89 748 784 426 394 727 717 850 152 945 5 4 187 123 221 961 670 147 248 313 102 875 579 952 961 920 575 561 141 63 29 475 461 349 663 681 868 566 354 983 
554 424 111 526 802 136 619 504 247 448 536 286 13 462 935 879 953 949 314 350 935 651 70 391 802 234 989 167 482 929 660 243 344 940 186 972 989 908 415 256 839 751 746 312 953 630 732 820 829 310 46 382 684 144 205 846 414 381 114 940 650 309 790 3 475 889 724 778 676 776 770 907 784 290 733 760 779 171 132 947 242 344 229 325 71 596 605 124 483 421 803 767 231 747 30 176 840 459 311 696 
134 986 646 4 592 721 992 211 546 333 579 287 615 424 936 815 285 826 626 675 245 839 454 319 383 362 804 140 850 200 22 470 283 929 93 14 183 489 203 373 910 809 494 623 128 11 230 989 157 880 111 450 70 623 975 40 951 228 728 849 409 201 647 539 679 320 860 35 43 371 314 475 262 438 347 93 81 649 828 505 223 292 294 505 700 713 718 950 381 497 578 562 400 345 619 539 639 305 627 708 
880 539 148 524 804 304 322 462 726 358 354 610 882 185 596 50 994 53 354 321 73 763 201 942 609 343 977 282 62 500 332 897 55 475 76 732 571 584 640 995 776 851 623 74 289 431 801 454 781 772 249 296 612 402 902 560 823 453 963 458 894 396 413 980 717 438 927 137 569 60 611 512 177 831 886 646 303 538 396 610 877 615 473 640 701 107 124 125 757 776 511 689 400 250 727 697 143 723 285 449 
97 695 300 153 5 380 206 36 710 191 852 297 635 863 577 842 28 692 231 937 709 766 822 391 700 169 224 688 651 247 289 331 370 418 267 582 910 586 200 629 480 720 373 94 157 956 537 19 129 677 519 280 420 748 649 132 587 32 102 398 320 144 770 385 884 414 23 431 846 741 889 720 999 740 850 419 602 249 989 995 14 303 688 83 75 846 141 441 514 549 999 719 564 532 83 197 29 939 893 887 
498 280 591 384 592 357 675 860 938 40 325 747 615 259 487 908 524 725 168 564 541 449 32 708 468 78 308 395 441 902 190 163 618 492 702 689 913 625 644 218 662 300 7 933 691 701 958 584 795 830 960 661 229 746 322 432 905 962 684 280 786 600 29 455 175 897 413 900 71 199 784 512 457 649 357 918 592 515 519 112 168 256 468 232 257 397 910 899 596 818 905 289 871 346 990 597 6 94 979 809 
439 22 270 690 804 516 638 760 733 812 976 462 894 524 579 420 959 623 54 941 645 932 107 833 984 679 932 672 509 834 876 698 3 813 887 113 159 343 796 549 112 469 301 184 956 837 670 158 108 296 645 439 114 861 565 975 69 186 758 720 917 76 527 251 84 644 281 672 392 425 953 35 508 638 807 332 720 832 547 548 122 623 400 191 287 741 300 770 790 793 419 953 451 920 969 703 702 911 604 840 
936 577 2 973 546 160 401 544 4 138 977 901 470 778 829 379 997 474 611 396 272 982 760 736 225 520 800 963 673 32 494 212 748 308 837 190 429 461 754 187 735 4 951 221 462 904 393 926 513 13 404 362 836 181 901 415 306 282 508 526 270 905 486 536 356 349 206 66 588 855 882 353 211 818 642 315 140 994 541 708 783 252 667 223 586 193 288 310 254 909 48 312 874 129 13 698 653 994 258 658 
948 249 817 902 426 126 578 546 923 52 920 249 481 955 759 183 538 137 389 616 717 57 788 637 73 595 735 467 801 490 872 34 726 222 596 137 649 814 630 285 607 672 429 324 653 488 98 19 124 973 287 951 50 587 437 70 772 279 179 740 633 560 862 357 579 60 196 913 431 580 597 283 923 511 994 886 434 441 532 493 814 743 148 942 851 854 163 678 254 352 528 92 365 982 800 491 955 543 939 17 
891 235 997 830 167 151 711 781 534 166 99 500 611 117 19 255 929 502 421 255 515 115 108 260 600 168 985 387 710 377 79 788 414 568 609 73 638 869 487 230 710 21 408 914 679 35 814 170 921 532 801 346 322 183 454 287 450 593 911 69 522 975 607 500 151 954 897 47 897 486 839 106 578 235 312 840 744 549 961 765 700 528 362 750 436 741 588 396 472 441 968 740 534 109 334 422 452 392 677 780 
889 664 563 379 347 767 261 880 653 948 554 926 845 468 627 590 974 778 108 43 482 175 12 40 657 791 502 606 871 755 670 64 691 730 556 234 179 340 878 534 585 391 206 875 311 930 53 415 3 779 563 460 141 211 433 246 192 80 140 137 877 770 714 809 458 874 987 57 364 190 373 631 499 607 520 706 609 289 567 409 666 391 519 818 17 918 369 115 711 29 361 883 769 656 729 316 115 809 28 432 
302 393 474 484 480 979 80 440 816 873 370 418 3 459 528 662 947 975 956 77 494 51 665 12 248 68 222 604 256 941 88 714 901 824 551 711 155 877 311 697 645 403 120 799 7 872 528 859 639 273 627 536 588 924 163 334 13 199 669 27 450 458 369 849 197 644 667 576 588 556 307 75 200 117 349 263 404 368 913 861 390 871 267 315 817 843 371 585 774 879 607 884 415 6 355 205 326 287 402 614 
16 929 267 917 396 865 233 672 870 863 513 636 913 350 49 816 339 982 814 635 302 691 663 907 54 635 187 659 51 183 531 906 565 239 127 250 911 531 805 802 100 721 373 793 763 721 905 791 689 521 515 245 31 791 641 555 518 581 342 762 587 954 274 561 46 536 631 139 761 868 681 267 991 584 709 174 972 358 136 859 514 618 685 778 212 362 818 516 205 292 585 21 411 126 138 23 347 222 118 938 
503 406 165 682 594 524 947 943 459 492 926 279 695 258 493 155 494 397 166 909 731 167 942 347 917 698 655 718 639 471 748 904 439 100 690 905 986 935 139 996 907 278 217 466 472 196 791 611 935 54 43 787 703 812 890 594 830 398 251 257 380 940 444 235 203 156 447 44 342 322 29 607 848 816 135 123 975 96 885 468 837 240 779 223 493 270 482 780 852 234 839 709 328 874 93 631 657 652 486 248 
950 77 535 606 905 135 264 890 456 654 437 274 697 36 557 393 525 291 884 990 759 535 661 107 223 251 65 62 478 542 38 811 925 794 620 803 368 700 517 858 358 587 520 161 418 342 806 559 446 841 307 126 122 236 149 59 438 995 557 143 8 437 919 2 93 24 12 497 452 376 946 257 166 834 450 52 745 420 264 776 477 176 480 145 126 504 444 707 998 512 49 916 853 302 713 354 854 302 925 726 
629 615 88 712 851 479 515 800 746 299 737 988 27 813 383 474 954 999 127 515 764 201 828 317 260 933 345 629 448 540 995 309 405 211 264 333 761 422 779 373 790 966 755 542 97 691 19 855 426 923 13 797 316 917 185 490 684 431 369 145 879 610 908 828 520 532 754 727 564 188 252 705 712 170 428 695 682 858 417 384 594 338 956 657 844 489 443 352 149 427 631 543 562 932 813 516 80 57 372 98 
182 486 472 634 96 157 572 648 633 920 10 58 329 128 496 886 7 990 970 420 146 225 354 746 274 296 812 445 751 688 60 436 366 148 325 527 344 612 871 500 813 655 751 420 822 901 661 957 886 745 351 958 726 60 398 943 385 667 221 796 758 246 817 887 395 296 731 333 326 270 810 349 880 785 876 191 60 219 112 71 785 699 696 635 968 644 389 571 807 871 367 239 335 687 783 651 924 640 517 716 
870 371 992 868 532 481 10 687 432 222 703 774 948 497 71 832 61 549 127 369 875 877 242 912 126 580 541 619 99 409 709 420 626 107 739 511 29 90 105 622 162 719 695 452 533 780 16 349 794 976 387 723 286 687 770 1 327 344 848 196 539 774 123 783 329 776 843 81 292 706 717 705 574 296 856 410 16 187 403 398 191 242 864 673 183 384 615 504 216 610 568 192 797 810 103 217 647 710 259 575 
118 138 958 723 943 710 278 912 267 966 854 619 341 731 11 37 307 699 377 310 447 913 626 872 969 115 183 35 260 484 391 209 558 435 233 836 75 116 791 772 415 487 256 620 774 789 109 301 621 350 242 620 226 234 382 669 158 184 907 248 217 803 877 568 540 585 147 765 908 548 101 304 786 767 646 691 985 516 924 37 579 233 790 547 574 710 452 429 929 224 552 571 905 409 817 736 759 421 477 935 
307 30 238 649 103 220 398 264 58 386 638 629 288 528 116 961 687 409 161 638 756 417 632 28 721 406 829 208 807 855 645 392 418 983 235 841 282 35 214 794 521 277 215 577 860 385 226 477 36 436 171 869 823 437 881 58 136 345 702 915 393 613 517 806 24 74 880 360 746 986 380 655 811 238 665 197 591 606 658 963 179 782 59 450 857 717 831 81 464 925 905 294 652 27 640 477 559 781 44 10 
969 983 292 871 799 987 516 659 240 890 812 916 665 972 920 497 18 239 389 438 398 920 78 242 287 155 29 871 172 455 680 603 22 154 805 397 327 480 611 562 909 819 134 810 547 615 737 64 379 385 516 623 16 905 559 639 122 37 314 833 382 416 739 154 37 314 778 507 707 912 264 413 923 573 87 981 380 394 435 263 64 798 964 932 19 135 168 992 499 671 29 25 619 576 5 370 772 446 533 720 
85 866 300 953 779 160 606 520 307 554 894 493 245 499 250 643 283 733 191 250 370 639 290 744 306 270 510 981 381 969 90 772 728 676 225 613 53 187 421 781 742 831 155 917 549 417 341 126 914 232 626 513 993 928 782 681 127 422 35 357 39 491 568 166 114 891 300 251 200 753 399 975 360 269 990 731 445 215 415 403 157 369 407 827 69 334 321 2 236 956 200 56 84 871 248 127 629 67 443 235 
475 974 179 503 16 280 10 275 781 468 912 328 747 677 261 995 96 65 358 763 848 258 789 529 487 457 133 319 91 405 307 669 560 906 391 558 598 632 838 385 439 295 664 979 962 372 153 877 376 622 285 476 383 813 396 907 262 288 576 241 966 910 434 200 241 644 796 469 231 978 595 327 748 70 846 283 177 227 38 544 996 331 306 192 244 974 317 463 640 599 758 993 659 860 231 704 499 345 118 147 
603 501 982 278 525 210 743 553 793 154 172 570 111 115 944 969 957 465 429 485 670 270 238 72 824 267 73 439 345 327 609 211 24 317 131 81 399 255 67 403 601 159 812 625 916 667 712 320 235 95 346 487 161 421 805 922 665 280 869 510 931 806 328 146 775 68 254 3 698 443 943 371 632 164 949 221 718 362 937 682 359 173 123 61 299 84 985 716 728 188 61 470 19 471 958 17 563 913 470 733 
