164 913 652 10 62 385 162 971 232 804 950 123 600 987 898 881 117 861 938 152 532 275 731 94 860 574 525 740 623 59 663 702 966 316 746 71 376 130 300 414 598 503 591 799 960 409 671 112 874 93 681 493 906 109 365 523 292 108 381 175 170 792 612 802 88 772 209 754 334 746 333 852 564 630 176 379 326 233 189 952 796 522 497 653 469 976 820 409 952 752 269 995 304 862 495 556 5 726 494 180 
831 540 469 145 393 639 923 128 46 300 805 190 858 278 690 839 382 592 755 756 941 742 886 421 478 800 438 300 406 851 831 253 698 538 781 55 354 426 586 229 552 176 941 233 541 332 515 234 613 53 321 127 869 943 704 12 801 727 565 232 350 262 573 36 145 378 497 791 753 147 901 294 860 127 869 412 126 288 572 662 991 194 444 440 177 546 127 170 774 459 788 249 20 563 942 562 226 164 972 660 
12 51 679 37 831 479 102 417 261 159 105 173 435 691 118 373 656 852 404 162 623 154 306 660 585 645 948 314 54 152 684 351 872 675 429 638 765 328 369 15 609 115 175 803 260 194 309 29 568 312 424 916 31 999 294 514 477 86 866 373 765 266 897 12 820 502 211 315 174 289 575 837 397 314 632 92 610 262 828 935 49 845 898 804 332 539 574 601 981 751 86 64 287 633 984 31 169 977 180 556 
243 43 529 677 257 4 12 382 211 731 960 165 21 477 612 445 478 35 198 901 498 701 340 665 465 241 958 331 354 668 193 917 538 192 567 772 445 211 436 772 785 477 498 667 331 980 765 771 344 680 800 261 819 757 653 977 17 191 73 901 738 575 636 936 436 876 166 379 88 929 208 689 506 723 79 192 225 991 851 153 792 516 915 5 95 485 955 949 216 637 974 940 362 654 278 355 778 769 260 302 
667 541 777 924 367 23 686 920 131 234 388 171 771 130 257 229 412 864 856 427 893 439 668 701 915 801 894 174 691 826 555 544 238 856 138 929 939 435 882 715 502 382 354 799 374 452 535 866 919 439 963 487 427 553 898 619 425 358 372 0 570 786 755 932 29 10 718 770 552 306 978 909 457 69 597 172 345 478 952 209 131 777 986 285 401 199 621 919 566 114 554 291 986 328 131 107 978 876 448 416 
206 370 472 770 942 620 617 344 701 217 647 889 443 723 427 944 940 349 172 639 281 847 660 682 268 16 293 796 103 220 487 251 757 563 811 642 241 255 516 140 709 873 811 456 268 143 588 367 437 841 263 790 711 18 266 469 736 646 271 976 477 611 23 398 694 442 751 341 70 495 469 303 840 849 736 341 171 990 688 980 468 388 795 222 771 827 733 16 768 989 732 227 579 616 163 119 38 20 123 301 
40 384 276 625 707 30 279 906 202 108 659 302 65 233 699 584 672 304 760 745 998 586 139 209 430 604 41 571 508 446 317 134 73 200 625 528 618 491 17 828 624 41 66 50 674 147 606 589 283 573 167 277 611 369 387 244 382 786 347 116 667 470 445 478 458 266 343 401 146 858 816 211 533 281 228 317 715 636 758 37 335 28 617 198 167 81 165 652 4 477 585 573 332 20 484 3 646 43 349 226 
543 253 203 498 314 878 429 701 303 681 247 103 463 760 352 306 865 463 727 132 662 943 144 60 374 890 969 696 278 235 630 211 59 979 356 872 884 833 930 277 819 777 849 551 903 445 133 861 98 827 77 492 472 114 554 708 140 675 37 997 391 206 318 303 722 578 326 251 202 952 643 955 16 335 686 427 508 95 258 938 468 811 148 235 344 155 289 8 471 412 395 415 437 503 920 967 557 25 485 95 
374 174 263 980 435 660 431 182 344 653 856 527 424 986 951 909 751 390 952 847 133 970 295 604 404 797 774 397 681 862 906 2 829 225 294 860 292 478 882 499 427 207 350 974 312 851 791 352 799 420 287 76 217 740 500 863 89 871 510 19 283 173 30 35 804 565 68 503 898 18 113 692 819 551 578 870 671 316 91 282 367 217 582 648 178 181 582 583 543 203 838 791 184 317 554 13 143 62 983 845 
890 82 516 377 804 710 165 365 125 458 554 244 414 719 43 992 955 196 991 517 601 312 116 530 809 911 98 9 719 921 311 827 366 489 53 293 499 638 900 2 598 336 363 178 559 88 165 662 354 660 852 433 936 44 87 526 847 508 713 802 545 583 182 259 548 37 732 614 284 479 730 962 823 347 745 486 446 619 47 389 673 811 305 139 357 723 159 141 633 975 911 916 431 875 386 561 757 608 532 692 
309 142 538 806 615 465 645 149 761 436 86 641 645 556 212 770 729 845 500 440 434 878 399 117 256 547 313 956 240 770 134 497 449 5 892 683 617 353 149 507 408 782 868 632 136 303 540 548 576 423 829 645 704 493 545 547 200 31 905 444 466 716 83 73 148 477 346 432 300 964 622 331 614 718 544 648 473 790 564 684 711 998 433 75 881 789 677 46 486 867 405 25 162 269 240 462 407 111 237 577 
67 512 150 996 2 385 740 266 201 112 506 26 172 824 628 523 400 730 687 885 708 882 655 83 944 29 904 409 407 753 443 483 852 527 385 708 941 253 723 76 988 522 457 594 597 699 18 7 352 626 665 852 89 167 783 562 619 301 730 580 613 96 758 813 322 299 56 92 41 892 458 299 356 804 778 522 293 559 515 122 221 177 645 877 141 270 140 0 986 806 232 908 834 575 825 287 180 519 523 425 
807 799 662 575 238 960 783 817 767 473 932 996 380 125 330 184 710 853 795 149 849 276 829 906 965 150 837 249 387 975 209 914 726 296 53 362 161 608 803 249 957 15 621 938 85 611 1 0 460 685 250 248 675 119 985 102 967 626 971 295 869 176 939 214 172 686 682 516 436 382 278 983 957 581 319 771 622 864 213 511 1 778 350 833 376 479 331 690 84 289 890 475 215 582 743 638 684 727 512 164 
378 709 913 972 138 764 740 903 29 222 759 255 840 801 617 814 652 406 491 307 69 538 991 259 213 20 867 625 886 602 663 245 227 275 928 824 776 951 664 479 599 51 432 66 848 513 480 107 678 255 519 305 503 135 128 322 567 176 17 448 360 682 779 776 498 553 975 710 182 277 613 830 115 642 661 279 941 439 22 885 841 741 818 465 660 55 396 959 65 135 598 158 509 606 656 18 138 772 433 425 
872 701 228 89 338 868 261 851 111 783 832 420 790 891 536 508 280 565 516 330 224 708 658 923 418 680 70 638 58 937 680 606 108 320 893 406 354 715 491 669 389 651 310 227 796 136 839 50 23 544 538 266 793 486 117 110 201 82 832 254 942 798 469 338 755 101 944 617 938 651 136 480 410 190 674 670 266 913 798 239 255 679 270 564 494 540 439 941 692 947 721 860 791 392 173 268 242 974 673 535 
310 285 603 717 680 597 878 945 674 961 679 39 560 124 389 199 854 804 172 102 511 448 503 897 69 693 547 872 633 559 327 60 419 427 688 51 719 188 717 760 258 620 102 156 922 180 872 781 979 519 704 299 425 516 229 189 627 945 857 110 776 558 593 686 862 582 956 44 789 625 622 455 116 69 69 662 548 321 516 705 483 538 268 977 818 854 488 807 194 1 454 824 218 613 726 230 799 513 87 638 
272 380 735 139 196 696 332 818 606 728 363 69 219 671 768 563 819 53 61 163 210 523 373 998 90 1 822 794 271 693 298 635 896 104 571 451 237 887 609 179 379 154 599 947 670 107 83 470 420 493 4 285 562 880 781 193 925 137 310 230 684 649 797 34 689 396 633 296 998 465 216 566 766 569 841 623 654 596 911 848 211 760 31 32 121 989 429 241 547 10 262 316 636 351 175 211 246 453 911 135 
313 931 23 675 478 626 99 549 205 197 957 135 257 74 311 277 449 923 488 866 749 813 133 937 784 881 188 981 902 78 822 922 533 565 755 724 265 938 871 726 475 30 326 680 413 852 783 7 280 44 919 695 569 362 761 501 723 664 43 273 109 631 525 66 567 158 880 545 957 421 828 438 732 428 129 148 536 497 885 229 202 536 672 398 594 542 759 201 648 196 771 244 221 611 868 794 564 176 217 907 
935 262 991 99 96 795 485 688 923 653 57 3 57 841 416 791 992 106 994 379 51 997 198 68 12 219 521 814 89 640 315 166 272 41 238 839 556 927 493 394 940 897 151 663 587 21 964 612 231 602 805 112 96 476 854 465 570 414 48 742 951 784 567 413 215 329 649 918 318 251 391 263 47 338 550 41 582 446 3 865 735 692 151 902 951 385 689 743 613 84 459 449 755 728 799 373 970 894 407 263 
740 662 627 66 894 972 61 84 833 935 685 365 92 51 384 205 54 217 432 681 323 95 234 21 30 573 550 230 133 804 58 521 718 263 117 740 554 857 189 348 72 254 553 951 697 368 262 827 959 904 946 180 753 841 74 961 446 876 967 536 305 821 313 141 453 777 59 517 470 632 967 734 581 335 348 652 362 684 285 403 318 186 138 806 20 651 342 491 831 141 666 217 176 312 343 496 669 577 466 191 
267 189 956 202 441 976 810 688 98 332 948 614 221 797 635 232 48 893 232 10 772 75 235 845 911 191 685 815 954 600 138 870 900 954 855 535 617 621 291 430 62 941 516 197 182 519 924 953 230 660 833 75 843 973 666 327 597 340 364 739 297 86 412 509 902 844 667 365 668 767 92 792 312 673 29 335 881 763 79 90 479 287 774 751 644 6 286 736 31 448 619 123 259 553 679 968 622 572 601 591 
399 613 69 889 85 493 176 39 927 831 569 204 773 987 821 605 3 113 557 889 822 202 159 711 268 1 179 727 947 347 906 527 293 194 547 393 880 621 388 645 725 357 199 667 526 660 925 129 255 239 407 132 669 738 146 905 165 902 640 776 148 379 260 41 677 762 913 418 182 426 360 322 80 667 462 853 570 899 299 997 61 597 859 931 845 853 519 533 4 374 49 423 54 45 764 833 539 264 577 222 
380 444 432 432 543 685 620 230 842 146 370 187 680 41 466 422 796 841 563 232 915 647 674 467 936 563 458 25 515 896 997 671 361 627 568 904 803 169 690 384 241 638 470 427 989 106 777 476 477 349 741 888 851 321 286 432 979 539 812 289 567 759 151 35 364 228 312 958 646 44 263 146 934 683 917 910 617 743 714 413 667 852 475 446 723 963 758 550 707 626 17 773 54 556 715 464 389 360 423 115 
685 263 174 494 216 531 185 951 484 890 786 427 525 333 570 490 796 967 495 855 927 190 364 97 868 489 700 476 717 191 424 442 880 585 773 495 237 864 622 807 53 0 440 243 564 709 887 694 712 107 561 383 426 941 758 154 579 274 474 255 796 561 608 527 531 380 788 613 828 333 524 787 762 478 883 113 552 218 657 525 18 658 387 280 754 501 246 232 694 332 649 221 288 316 913 245 591 901 501 639 
413 595 672 282 942 508 874 916 364 646 197 942 77 994 695 265 316 816 754 856 791 866 164 960 232 955 656 327 115 468 310 294 143 600 875 1 594 345 44 606 918 700 795 103 60 166 419 478 636 194 551 647 692 466 448 527 905 97 776 604 322 364 740 776 879 967 965 116 946 139 469 564 362 758 104 534 147 370 143 488 680 597 838 144 482 439 831 390 22 203 766 833 342 808 320 551 264 202 368 784 
355 346 491 152 289 635 982 484 492 577 976 649 891 831 747 532 773 721 630 170 445 823 794 966 314 607 538 551 958 749 324 276 884 474 197 482 790 636 863 835 641 466 878 803 685 859 155 625 507 535 803 633 915 851 417 353 687 228 915 278 309 481 223 938 916 602 622 517 884 277 339 118 750 927 715 417 325 652 72 866 162 707 268 471 463 551 487 268 832 835 65 130 696 648 462 513 55 22 705 573 
623 857 897 583 921 682 844 519 966 696 822 545 174 276 5 577 177 609 582 817 913 734 847 794 571 450 434 97 846 175 248 81 205 117 990 191 423 402 158 299 256 718 906 598 981 111 10 1 470 352 156 119 282 186 652 128 210 506 470 945 124 490 305 999 92 991 665 835 973 93 252 996 593 801 853 821 83 217 508 151 110 135 537 321 763 714 653 251 781 398 294 917 229 335 540 537 664 21 664 314 
243 354 901 708 463 960 524 359 597 502 174 965 998 159 668 592 153 163 822 558 887 693 508 135 230 446 514 696 839 500 37 760 737 748 142 363 181 484 118 723 659 79 466 779 44 103 784 455 163 793 890 183 903 499 793 126 506 247 168 751 797 420 810 383 840 886 467 406 694 398 919 263 708 201 324 620 668 472 166 817 562 514 114 150 349 620 599 359 693 379 951 45 465 373 253 706 570 841 893 919 
333 978 198 560 715 702 623 134 35 538 60 597 8 600 161 520 409 659 643 685 782 176 2 520 781 935 572 465 954 510 243 27 921 865 708 892 703 377 486 935 502 491 112 281 203 281 328 326 834 601 343 533 323 1 320 184 809 623 803 183 595 30 699 166 701 425 757 788 973 93 528 65 267 723 949 978 927 822 714 648 860 138 999 108 22 268 26 111 280 137 249 85 454 712 647 952 964 726 62 58 
302 275 879 332 902 765 52 436 6 682 98 27 99 21 57 60 497 869 31 421 263 902 950 419 431 732 704 997 879 663 775 229 37 381 541 828 455 763 861 829 32 980 294 869 828 842 388 858 620 617 765 411 592 520 575 118 164 542 902 797 479 927 683 881 679 478 746 356 920 920 547 671 527 985 793 283 661 834 920 413 431 798 742 714 117 133 924 281 395 703 842 1 716 376 466 661 332 889 962 569 
73 245 583 68 211 781 175 857 612 610 929 565 151 477 486 645 184 912 185 273 130 559 40 661 389 114 345 599 511 391 411 983 577 108 95 640 123 57 35 388 779 553 244 632 221 60 20 896 778 346 490 112 502 529 476 593 383 382 231 456 911 451 293 340 828 558 344 754 486 225 81 820 556 380 237 692 284 112 75 703 80 777 911 422 242 654 424 638 100 293 290 184 456 57 605 548 896 766 708 981 
915 298 37 653 928 649 179 721 535 37 573 670 1 351 310 435 375 51 217 842 189 43 380 512 835 330 375 335 992 38 254 237 217 635 837 832 818 815 236 187 829 378 538 21 275 889 318 130 185 183 451 868 54 580 778 112 813 721 699 77 290 154 462 522 828 498 918 436 544 905 690 462 938 53 515 93 330 619 397 950 139 651 600 958 289 989 869 81 631 624 930 189 473 413 263 524 269 585 226 953 
676 565 668 920 41 807 764 813 617 757 156 427 427 218 838 557 104 265 216 862 196 379 587 510 483 995 128 624 679 193 597 781 346 319 68 367 905 375 793 766 316 163 971 992 323 365 233 632 466 755 874 27 583 130 210 216 850 546 916 370 137 608 459 237 577 824 933 484 529 738 32 631 301 651 326 990 146 451 848 449 399 545 450 437 982 851 85 896 914 799 948 961 982 578 683 169 244 288 852 697 
881 459 744 822 283 460 914 374 178 559 81 212 728 994 995 243 485 436 365 900 505 726 710 242 194 49 207 772 585 629 615 584 541 530 196 632 164 23 581 865 43 995 80 223 916 199 596 131 101 809 93 377 224 65 823 232 447 230 874 478 960 141 820 758 424 106 47 423 438 697 883 829 397 385 813 734 801 662 254 362 678 976 53 180 220 26 673 402 640 904 121 343 669 96 275 367 765 612 99 251 
104 794 820 604 550 185 442 70 390 350 898 366 429 873 763 841 878 448 676 434 689 514 586 818 964 987 203 735 447 923 486 568 258 673 315 977 49 775 220 413 98 85 681 537 860 186 544 702 32 9 550 918 425 333 865 921 181 97 121 555 334 762 443 974 493 147 616 789 612 928 265 491 322 581 717 249 413 481 280 250 93 411 375 378 711 35 991 595 495 757 388 151 307 827 566 201 363 274 858 348 
106 711 929 842 178 55 406 75 537 859 678 923 231 594 650 99 314 829 119 448 329 851 331 907 775 484 557 556 189 775 381 661 222 456 963 698 595 744 620 121 731 901 872 646 440 366 733 473 452 728 146 607 544 907 838 544 367 724 441 347 661 336 184 253 830 679 637 179 33 770 634 430 613 5 505 932 954 155 461 82 650 820 432 899 451 83 926 367 847 99 372 688 108 596 135 111 94 633 190 246 
839 764 687 997 225 746 640 427 917 727 279 573 775 921 22 705 711 657 909 518 435 39 873 560 951 405 899 109 398 921 750 513 425 411 156 72 595 814 882 468 542 126 204 434 422 531 289 541 176 292 222 339 952 172 146 219 783 12 143 108 941 257 664 298 239 140 976 497 499 916 304 891 757 142 798 735 959 266 1 632 56 691 384 587 219 986 294 540 809 856 724 566 728 171 587 847 700 450 646 349 
195 109 197 732 31 544 489 551 914 227 256 726 382 288 421 836 972 678 108 687 663 149 382 698 383 858 70 280 695 504 645 129 216 445 439 563 888 191 921 56 961 541 819 681 402 14 674 30 783 76 783 591 146 724 886 806 588 975 916 178 764 186 79 315 346 200 904 881 936 493 168 998 516 372 493 187 417 926 444 135 385 361 114 851 863 254 544 73 642 916 285 384 482 549 622 890 367 955 774 913 
462 636 95 123 819 74 330 739 52 823 80 489 908 523 283 949 443 746 200 983 779 573 587 696 315 376 246 493 751 285 485 498 909 619 333 567 97 677 768 13 62 221 550 338 820 339 899 359 529 180 996 445 25 62 226 15 289 371 8 16 584 13 161 910 916 133 161 509 83 233 146 703 43 414 361 818 416 592 276 584 523 340 331 605 207 453 248 705 912 214 91 710 115 941 346 916 329 615 994 988 
12 854 445 550 695 769 306 584 544 861 810 75 308 817 588 173 694 168 133 955 846 843 554 252 359 307 771 745 807 304 313 515 562 394 196 449 122 913 705 487 801 76 258 385 28 762 145 499 361 716 705 363 785 937 549 473 37 874 488 147 640 277 625 888 162 476 692 275 357 299 576 693 608 583 599 566 452 630 347 172 843 524 578 197 866 290 825 578 236 328 793 608 786 731 194 619 629 750 766 728 
124 852 676 220 191 301 734 132 910 73 559 690 655 575 804 57 688 203 418 397 444 539 327 676 350 865 857 287 732 479 759 317 205 933 914 190 56 830 402 925 947 715 320 735 669 821 397 868 784 869 575 81 577 255 965 168 128 424 26 975 145 352 210 874 311 367 977 633 834 647 831 406 233 300 342 986 441 845 217 208 722 573 780 658 472 382 734 792 362 604 356 903 378 616 768 84 787 308 932 75 
205 513 566 859 794 462 25 761 805 384 386 578 599 414 986 425 631 405 508 654 599 905 415 367 647 44 686 798 393 400 12 476 618 97 799 579 943 213 853 939 530 265 472 904 534 225 19 333 454 443 318 510 241 739 516 303 846 990 872 864 350 44 99 579 386 756 303 57 678 831 72 216 908 830 733 526 4 141 227 395 273 995 749 946 643 727 630 320 196 123 979 481 32 225 462 684 71 514 489 340 
486 890 970 305 499 428 591 135 803 546 795 779 639 182 756 737 945 812 772 152 344 738 219 308 864 280 169 964 199 528 64 437 766 738 171 851 717 715 284 45 299 970 147 641 43 656 445 662 238 93 98 99 528 710 243 850 407 470 432 592 882 951 403 792 104 732 18 783 463 788 231 763 188 112 101 194 816 221 457 482 146 63 472 35 271 923 262 856 983 994 894 50 740 391 501 925 244 7 42 273 
109 239 933 496 111 434 50 857 201 796 61 450 562 383 552 333 103 893 167 67 170 512 925 676 301 26 953 384 245 29 203 220 743 25 381 239 961 454 67 657 213 324 616 156 284 841 213 791 57 748 750 153 993 353 671 815 521 29 546 772 353 906 414 601 816 24 445 732 633 887 815 601 363 36 870 407 799 769 862 188 482 312 866 106 318 742 330 548 445 330 376 659 775 713 118 259 984 57 868 494 
908 228 221 578 843 140 595 197 181 904 851 622 71 121 463 151 783 848 748 614 490 224 474 905 524 136 613 545 86 265 280 991 767 517 1 668 637 608 51 728 562 200 933 396 246 793 169 452 520 922 158 251 631 654 297 417 25 410 349 401 450 425 338 26 704 924 677 18 619 425 815 463 131 526 707 939 224 894 68 199 615 388 451 92 760 503 154 488 748 444 887 358 167 67 481 447 107 352 216 757 
436 980 340 14 691 990 282 883 465 874 850 534 767 557 592 119 289 109 804 999 419 92 182 593 345 860 781 506 779 585 571 991 476 301 845 299 559 17 630 164 208 619 108 389 267 673 750 279 291 646 152 187 90 167 379 915 532 332 412 93 693 866 836 96 466 386 714 908 279 697 836 176 690 89 285 846 297 648 544 736 267 298 119 629 174 283 279 39 974 53 285 833 476 954 490 396 679 967 690 110 
204 793 861 482 437 746 283 155 341 736 411 512 305 784 859 221 551 472 66 713 710 132 621 590 136 280 745 842 782 689 870 989 259 151 137 591 62 286 464 115 754 300 404 941 689 681 81 271 593 285 416 768 144 719 744 32 992 9 739 70 68 323 148 650 983 861 339 663 506 124 566 227 878 687 246 148 562 369 428 184 490 700 707 671 262 379 51 999 162 495 504 770 318 967 711 12 278 625 427 182 
330 588 627 563 155 706 830 644 61 808 477 155 890 305 126 328 200 36 277 593 232 500 292 345 660 842 665 363 590 680 670 67 220 948 471 205 77 331 622 596 806 686 894 475 629 935 230 637 237 797 435 364 247 861 812 445 774 480 841 776 251 27 950 853 187 453 58 882 270 644 150 525 98 84 962 901 757 701 246 824 116 581 115 444 59 54 761 475 602 289 60 70 860 487 54 241 293 744 653 470 
374 842 659 246 468 293 964 337 427 105 622 414 420 527 55 920 381 592 372 556 627 71 206 568 474 393 970 95 243 454 590 960 784 236 647 80 729 537 495 552 932 714 420 743 157 208 441 892 612 101 488 88 627 843 78 104 920 503 966 575 671 793 368 887 507 279 779 328 66 859 809 150 760 652 644 18 379 162 196 329 376 705 505 939 179 508 199 441 967 692 271 269 285 317 71 728 515 530 288 166 
486 234 973 529 389 479 855 907 101 724 320 110 56 510 975 342 708 488 382 324 11 357 108 988 876 250 439 791 730 975 19 22 430 641 518 811 273 131 808 735 868 14 922 110 765 820 787 213 614 745 201 319 234 490 493 10 896 200 581 965 127 850 142 501 422 816 103 384 153 324 216 281 571 353 748 73 274 872 798 454 414 956 403 337 435 823 606 739 922 788 459 411 840 398 11 320 43 285 989 421 
629 781 171 874 845 741 598 29 924 186 285 370 437 775 619 458 722 595 684 336 343 301 292 839 979 990 493 956 380 407 421 183 749 679 432 889 83 496 291 711 803 349 156 10 828 579 407 436 586 956 340 463 164 888 796 591 372 371 177 484 854 930 20 235 545 339 145 173 503 559 423 982 361 56 446 816 491 988 796 90 999 752 854 156 373 684 380 237 241 524 455 192 134 575 589 604 271 976 181 746 
836 947 180 561 903 626 119 502 143 104 380 240 522 724 246 418 825 242 497 90 33 758 824 190 367 70 313 738 447 723 119 99 117 819 150 985 224 707 972 596 321 226 805 494 678 584 75 807 244 179 779 157 21 937 304 722 324 238 435 476 707 597 673 132 450 304 666 865 523 46 747 947 110 283 509 85 612 580 310 806 163 229 219 253 643 946 346 936 324 527 814 819 492 797 862 682 573 733 970 185 
265 253 546 859 410 313 353 670 232 4 600 944 363 371 187 509 264 885 576 656 839 298 391 909 781 521 88 253 279 949 434 129 131 68 169 188 333 321 421 19 159 875 691 504 607 150 72 283 329 65 563 684 256 785 643 72 517 336 725 657 487 759 475 699 278 842 91 829 968 374 983 947 831 538 550 200 118 79 489 465 157 962 710 861 759 732 693 656 423 14 346 285 5 798 899 848 217 872 899 636 
294 293 558 684 42 223 937 66 628 793 645 154 326 578 369 242 484 569 427 88 694 309 170 645 817 269 241 318 89 340 606 639 610 101 785 157 852 759 689 691 111 944 57 345 611 444 649 329 294 329 248 980 9 151 768 446 71 585 795 890 914 635 155 859 217 23 561 256 244 56 192 772 112 589 42 154 630 466 351 834 995 239 721 843 72 670 651 185 162 12 666 153 10 363 696 351 874 905 990 532 
342 4 49 846 895 228 806 816 752 711 296 800 42 108 844 56 193 419 948 630 523 858 183 45 165 321 26 199 204 400 309 815 336 951 421 412 509 549 952 116 380 943 189 694 118 499 352 259 647 457 983 823 664 882 182 935 758 399 537 69 557 422 894 613 810 142 469 300 911 619 849 95 588 400 24 840 312 969 647 724 286 326 841 51 514 778 134 828 287 855 460 188 733 889 745 736 828 828 77 983 
665 908 330 370 118 505 859 609 261 469 828 169 554 416 64 840 409 252 380 543 389 810 952 909 768 87 680 469 70 588 859 262 839 423 252 277 551 850 261 334 844 834 271 564 505 288 346 400 157 420 577 432 471 964 874 183 768 582 488 211 84 682 951 664 100 205 311 404 489 346 701 812 345 55 851 582 786 92 139 481 833 844 248 365 25 783 241 309 97 662 843 354 370 511 928 48 139 509 185 196 
850 498 104 278 245 193 710 945 975 216 24 372 53 89 18 854 31 640 385 362 421 681 315 145 466 397 432 351 674 112 836 833 919 609 246 235 676 218 731 986 342 86 621 377 435 397 537 529 853 53 571 81 8 122 515 61 496 591 473 382 623 922 955 364 740 366 1 323 177 373 868 416 146 852 125 590 435 660 529 464 124 933 165 313 911 151 379 116 330 98 439 991 960 440 487 234 597 444 927 496 
36 157 972 770 16 484 27 683 399 941 153 360 633 423 543 816 76 484 711 830 430 429 365 793 764 544 264 397 60 439 4 3 812 589 991 243 366 640 346 312 295 708 124 322 146 468 375 494 241 501 386 579 786 709 963 774 986 797 157 490 104 995 896 848 212 681 263 758 840 590 46 651 294 111 104 583 999 534 395 579 918 43 137 613 980 25 955 928 343 81 956 912 81 83 564 15 768 532 400 776 
776 963 348 570 409 882 646 77 938 874 665 536 125 825 598 332 684 360 723 514 239 986 840 946 878 680 247 913 616 258 373 741 344 711 406 344 144 744 613 87 987 397 574 230 21 952 862 339 416 533 290 206 362 761 852 311 754 264 23 363 114 897 395 154 840 374 298 571 642 909 495 401 404 647 325 360 45 124 635 365 925 673 84 450 419 380 236 687 513 203 757 438 505 496 363 105 345 885 980 180 
697 394 409 92 128 448 646 394 255 875 856 122 918 487 955 825 887 640 58 384 614 295 434 735 131 961 874 125 203 647 873 344 728 768 127 631 187 286 644 968 757 431 586 525 735 592 241 345 197 89 842 314 384 838 807 77 981 812 192 478 72 567 341 491 275 676 713 273 983 901 771 614 976 616 616 600 848 509 473 686 999 275 909 813 410 975 87 805 554 50 975 179 539 610 773 430 952 621 160 438 
621 939 249 863 444 940 724 265 917 219 262 11 268 553 758 339 831 78 413 855 944 564 776 897 878 899 314 526 968 385 937 186 916 85 672 553 686 447 639 25 305 718 739 160 804 456 135 771 936 650 211 468 670 576 1 455 835 713 696 97 269 134 202 463 269 717 195 194 762 264 485 558 901 708 566 517 988 283 582 738 366 259 981 937 961 126 372 850 611 571 861 384 521 50 632 139 921 417 720 95 
756 423 651 130 197 340 36 902 555 533 477 608 499 632 497 952 144 111 372 550 627 765 46 52 457 699 860 601 995 646 607 484 626 789 99 898 64 51 882 100 239 114 850 50 316 400 852 565 557 94 724 423 149 255 311 3 577 94 702 31 291 706 934 443 510 295 196 645 927 567 779 278 936 710 40 200 500 98 540 132 921 595 774 216 92 501 714 241 884 58 412 157 326 474 74 239 860 859 975 81 
508 261 461 186 73 417 724 829 658 516 923 403 332 389 262 453 147 292 890 812 185 183 512 69 35 81 240 261 162 213 662 379 125 452 360 191 605 135 434 750 872 271 178 406 274 187 875 538 836 137 951 452 829 706 990 350 559 876 205 548 308 886 283 404 664 774 800 677 848 180 508 146 222 158 754 612 401 251 479 943 689 830 190 752 764 581 68 197 805 118 665 784 796 265 639 738 384 750 627 37 
590 466 21 523 604 285 213 971 127 340 364 647 543 939 283 193 445 883 935 573 377 849 357 422 855 373 781 698 533 797 236 451 738 414 977 97 742 531 759 30 202 877 678 505 933 824 306 288 972 89 198 353 718 394 248 787 398 409 84 419 611 612 530 392 728 41 485 120 404 807 981 487 221 610 39 829 803 308 601 588 959 761 376 929 857 127 783 526 632 733 945 242 198 703 670 465 423 888 321 208 
488 555 97 45 156 174 325 806 906 356 98 736 433 870 302 526 507 338 183 504 529 603 847 537 745 760 62 517 905 423 577 872 620 222 3 345 965 127 37 133 924 278 124 609 903 846 141 471 118 59 992 100 3 557 245 124 410 427 697 89 145 660 452 489 855 478 862 814 685 384 914 32 336 143 129 793 155 69 342 346 617 939 819 422 670 603 405 556 465 405 241 449 574 360 477 179 181 156 960 599 
421 441 365 870 892 606 632 368 350 866 864 645 974 964 14 864 638 250 66 602 670 144 112 616 567 333 651 193 961 923 762 994 931 42 971 158 352 237 352 959 338 800 134 553 882 371 195 233 909 570 643 961 991 646 645 439 163 352 245 429 363 374 149 383 831 507 366 716 258 334 604 425 818 361 944 14 716 44 123 63 70 465 563 381 894 21 754 840 19 933 891 239 333 42 516 506 748 755 824 423 
83 216 555 180 518 552 641 977 480 995 14 579 270 128 433 617 58 919 215 632 897 352 289 476 12 862 233 178 574 559 758 966 917 81 870 124 178 383 897 920 276 865 789 627 741 335 722 637 450 679 406 367 185 622 649 854 573 162 442 34 330 570 963 13 181 731 175 748 932 418 978 619 43 888 686 727 259 48 992 654 929 991 797 137 50 895 766 556 467 431 320 57 617 892 446 796 579 356 406 67 
423 592 629 22 542 359 533 301 31 103 768 74 901 261 818 544 76 173 177 733 921 622 808 22 455 751 762 341 542 461 759 664 726 807 177 712 27 312 119 756 9 638 268 445 922 219 676 83 393 71 128 983 136 476 998 53 509 270 246 536 58 695 505 416 523 779 14 803 365 748 867 552 477 859 584 507 198 265 671 607 9 710 119 526 853 684 101 994 463 816 987 736 559 689 767 903 571 554 232 918 
915 568 30 541 367 91 883 674 479 461 30 889 994 604 680 867 188 188 82 789 628 370 352 303 948 721 37 421 130 60 290 981 321 9 749 473 912 897 684 553 777 390 619 942 615 484 235 572 206 217 544 996 459 61 879 948 539 355 946 682 272 469 834 643 223 687 322 118 911 240 392 685 377 541 859 329 991 662 569 141 466 483 21 893 978 429 805 446 465 424 429 980 449 168 234 530 628 98 850 124 
395 315 145 822 460 813 454 125 215 848 447 225 10 791 804 109 377 646 465 158 296 683 204 302 132 791 874 861 526 18 327 61 696 339 114 421 849 720 592 711 703 86 11 36 542 284 86 241 666 559 826 519 890 458 967 262 126 132 151 796 80 427 913 951 85 864 134 989 238 416 676 793 738 565 210 545 478 824 185 118 425 604 951 953 357 664 533 699 231 222 96 231 723 766 29 617 406 188 802 43 
870 427 886 295 94 621 152 257 59 498 958 13 931 252 668 499 110 510 943 906 204 580 66 612 769 685 932 146 593 896 659 70 823 746 989 636 647 90 979 645 29 62 198 26 215 189 710 414 805 390 301 606 929 183 434 644 625 571 754 124 907 867 243 482 197 715 713 917 463 945 651 559 139 113 660 268 47 824 767 895 165 1 379 434 276 668 574 809 888 660 559 290 755 723 892 143 1 700 483 26 
73 916 316 77 728 30 717 718 939 563 933 358 313 902 192 100 648 450 930 634 665 290 949 569 72 637 34 613 553 254 598 687 67 416 114 530 84 29 828 534 981 212 39 135 60 714 204 935 664 407 814 395 881 259 160 461 384 853 202 276 728 896 715 941 240 90 35 368 436 484 482 141 851 15 101 925 57 441 121 43 216 741 152 765 367 510 817 29 258 825 323 942 536 72 972 490 592 341 601 366 
205 908 265 716 148 735 115 651 549 16 820 191 651 276 97 37 983 770 711 192 418 141 301 990 535 256 453 980 460 483 743 599 700 725 742 19 192 633 52 783 467 108 145 274 86 974 788 901 768 614 21 618 880 784 256 510 113 13 546 754 309 92 498 168 65 294 461 297 298 626 452 983 635 374 508 324 944 862 966 497 835 552 947 692 451 899 618 529 451 675 631 710 61 718 636 540 484 605 226 394 
952 732 555 177 868 359 529 747 86 791 568 484 879 355 725 420 164 490 528 443 216 966 369 529 182 342 141 66 41 659 131 391 715 117 67 251 815 18 625 276 170 87 877 667 984 868 447 152 170 920 943 402 205 410 180 708 766 63 962 49 852 90 539 671 192 324 840 605 386 821 506 987 54 620 602 795 644 629 728 893 647 672 627 697 667 53 840 306 912 918 950 608 471 842 754 679 655 923 747 780 
95 226 171 789 599 844 188 528 955 190 336 168 505 381 326 419 781 820 904 557 388 123 479 340 530 535 488 49 919 891 403 361 487 954 898 913 965 549 755 804 211 558 195 810 333 970 872 567 970 344 320 246 732 588 88 628 114 60 599 981 945 456 892 285 607 683 231 281 960 466 610 456 340 933 720 949 356 445 358 973 785 260 609 188 468 590 249 390 667 267 369 221 438 220 792 533 52 277 607 712 
862 158 657 10 328 622 694 207 845 293 955 299 459 774 794 329 601 65 799 855 336 960 562 474 364 189 903 908 930 614 194 952 989 41 980 746 660 447 59 439 767 789 149 285 257 992 600 963 738 920 998 182 333 92 7 834 645 333 298 997 988 389 830 90 993 867 346 503 200 150 792 821 149 33 461 635 67 692 608 942 957 504 297 348 975 691 729 10 8 704 205 740 819 335 764 199 901 159 474 175 
232 281 173 988 919 126 659 654 823 679 404 770 278 742 204 681 314 549 103 969 144 69 715 762 79 732 77 608 652 0 111 780 644 365 317 507 424 885 686 901 305 594 960 970 942 494 766 628 202 479 941 454 393 953 104 611 902 735 723 45 88 840 61 915 13 904 967 501 609 6 488 176 923 602 121 617 92 237 707 395 64 329 834 137 245 39 43 269 341 190 865 421 59 39 944 25 319 624 544 798 
950 663 530 731 574 130 472 700 673 548 318 649 965 772 988 363 197 185 662 775 894 577 422 968 456 406 892 593 656 306 165 101 897 592 983 762 799 135 473 338 226 503 762 736 352 530 185 190 109 966 416 657 268 155 139 988 363 874 546 4 283 424 903 293 191 454 379 829 289 390 573 86 109 911 236 555 678 197 85 811 807 133 853 845 723 405 240 782 340 448 114 958 308 411 39 356 9 567 429 101 
135 376 311 106 769 134 918 237 718 511 679 369 305 774 843 634 363 678 688 940 315 709 982 36 898 648 75 826 937 882 597 456 833 510 94 61 864 571 406 393 645 200 850 50 457 471 474 53 178 336 96 374 285 302 67 127 33 694 503 473 671 656 177 19 745 513 171 788 829 927 936 715 68 537 601 625 678 675 14 114 42 923 954 515 407 898 377 729 304 165 811 934 707 78 154 434 1 718 338 993 
313 423 693 182 571 713 26 905 638 978 819 141 445 855 536 69 760 72 19 678 901 895 322 838 209 121 222 871 153 928 770 83 940 728 608 101 520 236 416 780 374 220 869 203 720 659 3 508 101 174 861 679 154 109 926 188 352 73 476 823 189 440 878 288 450 481 18 710 959 665 331 262 821 646 792 28 859 580 629 532 576 853 37 886 559 170 982 352 427 986 855 819 202 122 614 6 77 882 518 381 
554 124 892 184 965 363 236 693 412 142 287 796 89 516 297 523 862 984 161 646 732 193 677 495 678 924 27 623 595 715 267 680 530 96 855 489 491 983 915 465 168 597 226 372 298 400 522 884 787 885 75 552 44 91 134 79 591 982 58 381 579 842 296 292 551 887 850 480 502 169 640 593 56 932 160 517 652 689 612 319 646 250 120 852 909 831 630 728 41 672 551 297 552 174 928 920 784 911 52 966 
514 709 77 77 700 2 173 70 731 106 421 732 458 296 720 330 139 241 367 91 547 787 60 890 498 985 746 974 757 438 901 144 308 662 909 486 549 572 115 612 129 567 48 814 92 17 420 657 971 151 426 647 412 570 45 345 356 584 628 304 832 463 558 387 152 59 741 47 869 690 186 691 977 768 694 943 441 819 361 309 960 624 173 364 930 506 193 446 717 660 300 680 582 893 329 691 768 119 911 254 
769 936 413 981 962 383 672 596 267 284 220 317 493 500 195 114 693 745 75 124 49 853 617 277 294 421 136 599 194 776 387 693 128 789 911 236 312 378 57 638 734 872 298 959 465 592 721 29 691 688 623 804 42 691 816 821 805 422 988 660 190 135 150 283 992 482 573 786 346 288 437 243 554 441 687 808 493 129 603 827 600 520 402 309 350 620 445 681 440 283 980 176 475 22 254 510 475 682 222 791 
45 107 65 662 0 537 884 582 916 917 210 634 457 568 797 996 979 255 946 665 845 923 831 133 299 892 18 345 291 36 836 72 960 976 579 851 958 602 881 588 529 12 108 113 307 136 390 163 118 755 418 839 228 459 903 536 930 441 248 392 152 355 6 696 775 748 887 820 685 630 540 556 635 533 905 210 248 25 141 377 239 163 653 201 234 470 90 513 992 506 509 293 500 114 992 226 595 152 592 734 
215 249 531 105 908 901 980 483 801 229 868 623 138 652 278 6 912 334 812 541 818 125 574 583 572 862 964 556 276 861 266 143 872 176 159 496 150 903 257 244 841 64 255 440 788 28 435 3 427 503 765 191 326 630 356 213 405 220 351 312 611 717 852 141 530 273 833 820 906 18 955 564 483 357 420 791 993 724 398 185 905 388 215 471 190 882 17 576 678 402 357 852 65 223 946 300 754 292 302 921 
323 125 894 278 202 49 147 592 113 220 609 550 124 326 161 480 645 91 481 359 501 813 621 649 306 771 677 780 532 920 648 980 858 144 397 438 171 950 321 193 793 93 919 103 57 682 121 682 830 940 90 998 654 237 592 693 946 477 28 286 70 898 208 374 79 701 885 227 570 434 88 279 459 382 965 589 733 548 596 831 905 867 111 904 624 90 664 623 458 112 369 695 185 35 386 498 686 830 403 664 
593 70 268 275 36 129 75 149 441 825 309 891 98 989 898 315 464 894 42 338 88 110 870 752 257 514 585 105 821 914 466 898 618 94 36 406 942 926 169 35 739 900 937 489 618 715 80 23 763 657 18 553 262 979 254 983 738 858 940 140 310 450 798 96 999 837 459 527 874 23 377 879 270 28 408 233 570 323 213 622 113 982 973 205 753 251 231 478 480 622 649 197 37 959 196 639 855 455 112 92 
487 112 536 860 427 592 827 417 12 705 992 304 703 432 989 501 193 81 157 981 686 724 310 116 812 11 689 441 182 885 588 143 929 45 200 659 644 490 376 695 833 746 765 320 182 510 757 631 437 870 60 220 764 689 36 556 101 111 573 464 867 708 442 729 157 527 841 74 985 351 188 12 913 18 484 677 264 411 162 625 268 937 728 169 610 821 784 133 293 459 620 328 209 324 565 607 681 303 668 396 
454 154 131 32 527 440 19 631 382 311 563 59 730 68 774 873 536 12 366 880 708 44 203 416 912 550 313 647 477 380 491 256 806 793 505 123 720 729 373 984 436 75 351 340 549 342 902 343 269 425 343 699 386 464 184 600 524 984 148 241 203 106 249 110 991 514 91 449 656 69 486 425 570 236 352 705 615 543 230 794 816 356 138 777 146 674 445 19 352 493 93 108 852 404 204 3 515 710 311 564 
636 462 244 870 62 514 495 983 182 553 500 301 314 966 595 365 749 11 254 894 173 614 407 661 252 3 326 632 432 435 497 406 202 973 918 632 312 319 560 897 894 879 144 96 213 346 221 590 111 298 273 679 813 361 937 492 885 153 22 722 652 908 867 107 744 422 263 468 394 380 467 115 812 641 176 890 745 68 671 965 651 911 363 307 688 63 363 546 731 417 223 101 699 707 69 354 124 656 796 582 
706 610 495 580 875 388 422 840 528 783 272 305 235 840 167 125 52 287 436 546 17 21 33 320 820 176 332 95 100 970 550 755 670 757 612 651 105 806 483 701 527 623 264 498 624 637 8 830 730 420 979 26 174 984 577 295 20 398 153 293 59 392 305 504 859 222 123 180 421 645 177 604 872 154 191 421 652 767 76 324 522 146 78 969 431 494 448 634 238 708 773 15 650 32 963 829 840 417 72 111 
181 754 896 90 761 376 767 379 728 51 268 952 421 512 768 155 594 172 932 500 697 966 353 341 350 70 27 660 660 326 326 104 230 521 466 811 656 968 111 247 847 621 452 924 595 256 591 872 618 573 512 495 148 973 479 994 111 15 230 492 238 945 372 354 693 639 511 417 638 357 366 571 75 57 368 83 535 34 695 871 667 973 227 632 556 708 393 578 439 681 994 224 596 879 462 700 432 767 428 372 
954 211 144 106 390 674 471 627 697 365 586 31 604 972 929 541 540 258 250 864 231 741 571 544 902 989 526 951 65 376 247 123 570 102 903 58 851 876 127 838 458 17 486 520 262 532 718 441 905 775 611 181 921 195 653 629 414 265 282 273 356 678 718 793 606 709 63 551 658 907 915 840 186 31 887 278 19 590 707 240 675 220 154 410 693 255 659 226 146 309 347 827 529 277 805 639 477 526 568 883 
282 799 428 837 160 532 912 639 737 153 244 567 665 116 25 632 10 958 472 583 170 477 406 604 202 278 885 69 796 697 126 131 503 119 196 829 951 938 508 305 731 344 143 703 198 639 28 159 508 321 616 315 392 887 424 99 281 772 444 745 835 99 518 168 984 719 487 979 301 400 513 934 936 601 190 118 802 571 624 130 611 908 521 224 618 272 569 86 71 35 230 131 603 753 808 117 285 226 784 72 
484 734 68 499 346 376 545 182 401 629 247 617 663 205 232 983 853 546 214 531 619 439 265 96 187 301 154 730 697 228 442 257 565 169 699 877 281 107 608 780 562 603 51 486 791 240 693 941 176 247 172 754 320 379 280 623 321 716 211 629 274 332 290 982 252 936 841 353 942 292 547 52 612 79 192 855 104 950 747 310 544 141 742 728 993 965 205 810 49 428 143 8 756 72 608 275 990 979 488 622 
40 907 655 550 671 705 33 694 749 361 7 574 350 635 217 553 974 487 296 543 812 521 74 737 950 611 977 146 834 283 359 973 543 496 446 187 117 422 166 696 200 803 568 82 384 834 181 276 966 667 60 783 406 428 546 150 553 196 533 857 660 449 559 40 791 27 206 996 214 407 367 610 744 165 373 375 837 543 981 662 233 846 376 205 569 620 278 856 922 615 62 808 613 463 786 152 16 195 194 65 
662 316 561 36 990 850 449 960 255 360 825 159 790 638 915 316 842 952 950 958 804 966 968 188 561 311 839 513 909 863 124 382 87 145 458 800 965 696 686 720 841 977 303 767 443 571 480 587 529 788 445 374 107 923 262 486 801 747 471 29 568 128 880 298 957 551 629 771 155 875 179 94 35 353 266 730 776 245 675 116 171 69 442 678 462 417 772 48 752 645 130 428 822 524 743 441 754 857 838 602 
720 492 903 828 795 213 747 817 16 923 316 778 925 356 505 144 71 909 95 931 366 449 306 261 254 844 467 656 506 954 757 348 666 787 446 439 170 65 23 346 387 426 436 85 842 501 463 132 638 165 508 696 586 748 694 875 169 501 900 441 112 609 563 782 40 730 111 64 906 295 747 345 469 783 145 888 247 142 8 855 44 518 440 169 954 534 226 97 309 98 534 931 217 355 549 374 673 368 256 622 
437 519 705 814 594 20 83 933 508 713 998 330 149 74 846 886 495 736 89 372 877 719 941 301 207 686 334 898 713 487 275 131 741 564 799 113 739 261 873 303 895 462 641 413 263 633 384 787 490 119 896 267 92 188 766 427 871 204 435 632 112 547 920 486 77 139 123 269 618 980 147 325 311 15 538 215 818 448 152 338 953 916 994 655 61 15 469 667 223 931 571 174 847 21 721 612 77 377 634 400 
679 498 536 65 327 544 93 426 767 976 103 592 389 712 454 876 459 238 129 818 187 697 760 562 292 691 609 189 211 20 371 262 675 529 992 90 373 800 900 285 760 881 651 214 533 569 68 327 720 710 507 103 761 226 279 673 388 188 365 738 616 193 612 886 525 93 257 79 216 257 398 749 937 33 458 536 227 415 278 661 775 458 24 782 988 804 128 646 228 691 507 121 86 739 44 265 862 542 85 628 
